Added: r_shoulder_pan_joint torso_lift_link 0 0 1
+ Adding Body 
  parent_id  : 0
  joint_frame: X.E = 
1 0 0
0 1 0
0 0 1
X.r =      0 -0.188      0
  joint dofs : 1
    0: 0 0 1 0 0 0
  body inertia: 
   1.13063 -0.0601055  -0.124224          0    2.53429   0.632419
-0.0601055     1.1232 0.00325703   -2.53429          0   0.030985
 -0.124224 0.00325703   0.289078  -0.632419  -0.030985          0
         0   -2.53429  -0.632419    25.7993          0          0
   2.53429          0  -0.030985          0    25.7993          0
  0.632419   0.030985          0          0          0    25.7993
  body_name  : r_shoulder_pan_link

Added: r_shoulder_lift_joint r_shoulder_pan_link 0 1 0
+ Adding Body 
  parent_id  : 31
  joint_frame: X.E = 
1 0 0
0 1 0
0 0 1
X.r = 0.1 0 0
  joint dofs : 1
    0: 0 1 0 0 0 0
  body inertia: 
   0.0256963   0.00657503 -6.06365e-05            0    0.0859887   -0.0732568
  0.00657503     0.025286  -0.00118649   -0.0859887            0   -0.0603599
-6.06365e-05  -0.00118649     0.023034    0.0732568    0.0603599            0
           0   -0.0859887    0.0732568      2.74988            0            0
   0.0859887            0    0.0603599            0      2.74988            0
  -0.0732568   -0.0603599            0            0            0      2.74988
  body_name  : r_shoulder_lift_link
Added: r_upper_arm_roll_joint r_shoulder_lift_link 1 0 0

+ Adding Body 
  parent_id  : 32
  joint_frame: X.E = 
1 0 0
0 1 0
0 0 1
X.r = 0 0 0
  joint dofs : 1
    0: 1 0 0 0 0 0
  body inertia: 
0.01    0    0    0   -0    0
   0 0.01    0    0    0   -0
   0    0 0.01   -0    0    0
   0    0   -0  0.1    0    0
  -0    0    0    0  0.1    0
   0   -0    0    0    0  0.1
  body_name  : r_upper_arm_roll_link

+ Adding Body 
  parent_id  : 33
  joint_frame: X.E = 
1 0 0
0 1 0
0 0 1
X.r = 0 0 0
  joint dofs : 0
  body inertia: 
    0.016959    0.0246302 -0.000450996            0   0.00120354   -0.0975468
   0.0246302     0.350272 -0.000198874  -0.00120354            0     -1.28767
-0.000450996 -0.000198874     0.353203    0.0975468      1.28767            0
           0  -0.00120354    0.0975468      6.01769            0            0
  0.00120354            0      1.28767            0      6.01769            0
  -0.0975468     -1.28767            0            0            0      6.01769
  body_name  : r_upper_arm_link
Added: r_elbow_flex_joint r_upper_arm_link 0 1 0

+ Adding Body 
  parent_id  : 2147483687
  joint_frame: X.E = 
1 0 0
0 1 0
0 0 1
X.r = 0.4 0 0
  joint dofs : 1
    0: 0 1 0 0 0 0
  body inertia: 
  0.00374473  3.44925e-05  0.000665429            0    0.0230486  0.000609046
 3.44925e-05   0.00489088 -3.23136e-05   -0.0230486            0   -0.0192992
 0.000665429 -3.23136e-05   0.00378746 -0.000609046    0.0192992            0
           0   -0.0230486 -0.000609046      1.90327            0            0
   0.0230486            0    0.0192992            0      1.90327            0
 0.000609046   -0.0192992            0            0            0      1.90327
  body_name  : r_elbow_flex_link
Added: r_forearm_roll_joint r_elbow_flex_link 1 0 0

+ Adding Body 
  parent_id  : 34
  joint_frame: X.E = 
1 0 0
0 1 0
0 0 1
X.r = 0 0 0
  joint dofs : 1
    0: 1 0 0 0 0 0
  body inertia: 
0.01    0    0    0   -0    0
   0 0.01    0    0    0   -0
   0    0 0.01   -0    0    0
   0    0   -0  0.1    0    0
  -0    0    0    0  0.1    0
   0   -0    0    0    0  0.1
  body_name  : r_forearm_roll_link

+ Adding Body 
  parent_id  : 35
  joint_frame: X.E = 
1 0 0
0 1 0
0 0 1
X.r = 0 0 0
  joint dofs : 0
  body inertia: 
  0.00386321  0.000134566   0.00513625            0    0.0235267 -0.000438546
 0.000134566     0.106381 -1.71072e-05   -0.0235267            0    -0.484748
  0.00513625 -1.71072e-05     0.107682  0.000438546     0.484748            0
           0   -0.0235267  0.000438546      2.57968            0            0
   0.0235267            0     0.484748            0      2.57968            0
-0.000438546    -0.484748            0            0            0      2.57968
  body_name  : r_forearm_link
Added: r_wrist_flex_joint r_forearm_link 0 1 0

+ Adding Body 
  parent_id  : 2147483690
  joint_frame: X.E = 
1 0 0
0 1 0
0 0 1
X.r = 0.321 0 0
  joint dofs : 1
    0: 0 1 0 0 0 0
  body inertia: 
 0.000652003   2.8864e-07  2.31176e-06            0  0.000460515            0
  2.8864e-07  0.000200103  -2.2645e-07 -0.000460515            0  0.000964011
 2.31176e-06  -2.2645e-07  0.000646018           -0 -0.000964011            0
           0 -0.000460515           -0      0.61402            0            0
 0.000460515            0 -0.000964011            0      0.61402            0
           0  0.000964011            0            0            0      0.61402
  body_name  : r_wrist_flex_link
Added: r_wrist_roll_joint r_wrist_flex_link 1 0 0

+ Adding Body 
  parent_id  : 36
  joint_frame: X.E = 
1 0 0
0 1 0
0 0 1
X.r = 0 0 0
  joint dofs : 1
    0: 1 0 0 0 0 0
  body inertia: 
0.01    0    0    0   -0    0
   0 0.01    0    0    0   -0
   0    0 0.01   -0    0    0
   0    0   -0  0.1    0    0
  -0    0    0    0  0.1    0
   0   -0    0    0    0  0.1
  body_name  : r_wrist_roll_link
